40 1 196
81 1 190
25 1 182
100 1 180
26 1 157
4 1 152
47 1 151
41 1 149
95 1 137
91 1 136
69 1 134
8 1 133
78 1 129
51 1 117
17 1 103
28 2 200
16 2 194
9 1 96
88 1 94
62 2 183
64 2 181
38 2 178
21 2 171
77 2 170
89 1 83
85 1 81
11 1 79
55 2 157
58 2 152
52 1 71
42 1 70
6 1 69
83 2 137
10 2 129
61 3 193
73 3 193
7 2 128
68 1 64
92 2 127
75 3 189
13 3 188
70 2 125
19 2 122
30 3 180
66 2 118
80 3 176
74 1 56
12 2 111
33 2 109
65 2 107
50 3 158
94 3 149
60 1 49
3 3 135
56 2 89
44 3 132
93 3 131
Peso Total: 99 Valor Total: 7770
