227 1 196
101 1 192
287 1 188
298 1 188
156 1 176
117 1 170
88 1 168
100 1 161
56 1 160
53 1 155
65 1 154
174 1 154
285 1 151
248 1 147
272 1 147
196 1 143
228 1 138
269 1 138
43 1 137
104 1 136
78 1 135
185 1 115
175 1 113
191 1 109
256 1 108
226 1 100
10 1 99
271 1 99
230 2 197
73 1 98
106 1 97
41 2 191
168 2 188
186 2 188
148 1 92
34 2 183
36 2 174
215 2 170
16 1 84
158 1 82
97 2 162
211 1 76
244 1 73
99 2 144
28 1 71
72 3 197
172 1 64
289 3 190
4 3 189
252 3 188
31 2 125
255 1 62
246 2 122
224 3 182
61 2 121
126 3 175
103 1 58
274 2 116
37 2 114
1 3 167
277 3 166
129 3 155
130 3 154
178 3 153
250 2 102
179 3 152
169 2 100
182 2 99
143 4 195
14 2 96
58 4 192
273 4 189
8 3 141
89 3 139
40 4 182
77 2 91
30 4 180
160 3 135
177 1 45
260 1 45
24 2 89
195 4 177
157 4 175
12 4 174
199 3 130
70 1 43
240 3 127
66 2 83
265 4 164
71 4 162
91 4 162
197 2 81
107 4 160
46 3 119
241 2 79
115 4 156
32 4 154
152 5 190
110 2 75
149 4 145
18 3 107
223 5 178
6 2 71
202 4 142
86 5 177
138 4 140
42 2 69
35 4 137
69 4 137
47 5 171
188 3 100
249 4 133
27 6 199
51 4 132
294 3 99
184 5 163
262 5 163
176 2 65
52 4 128
167 3 96
48 6 191
245 6 189
67 1 28
Peso Total: 299 Valor Total: 16788
