132 1 200
168 1 191
170 1 191
256 1 184
33 1 174
90 1 168
237 1 161
157 1 138
238 1 123
96 1 120
133 1 102
105 2 199
97 2 194
284 2 194
65 2 192
297 2 190
273 2 166
267 2 160
119 2 154
249 2 152
139 2 150
158 2 148
62 1 70
178 2 138
240 2 138
253 3 199
138 3 189
220 3 187
275 3 184
266 2 121
30 3 181
13 2 120
69 3 170
48 3 158
115 3 151
176 4 200
59 1 49
110 4 193
268 4 184
262 2 85
247 2 78
22 4 155
188 2 77
128 5 187
137 1 37
81 3 110
159 4 142
260 5 177
254 3 103
184 5 166
146 2 66
229 3 95
57 2 63
186 6 185
289 5 144
290 7 197
85 6 168
194 7 193
209 2 55
8 7 192
76 5 134
147 4 102
270 4 102
196 8 198
227 4 99
109 8 197
285 8 196
206 7 170
31 2 48
276 3 72
74 8 191
219 6 142
63 2 47
213 4 94
182 8 184
166 8 181
200 5 113
124 3 67
18 8 176
250 7 153
72 6 130
251 7 151
83 9 191
27 3 62
Peso Total: 299 Valor Total: 12158
