267 1 199
201 1 198
233 1 195
208 1 191
153 1 188
60 1 180
269 1 178
197 1 176
206 1 176
209 1 175
129 1 173
140 1 166
135 1 164
4 1 160
157 1 160
255 1 155
89 1 154
39 1 153
83 1 153
212 1 151
188 1 150
293 1 148
97 1 144
139 1 143
218 1 141
124 1 136
125 1 133
46 1 130
194 1 129
222 1 129
48 1 128
192 1 122
229 1 121
259 1 121
76 1 115
80 1 110
106 1 103
287 1 101
299 1 101
107 2 199
110 1 99
274 1 98
297 2 196
223 2 193
185 2 192
248 2 192
121 2 190
172 1 95
72 2 189
96 2 188
142 2 188
69 2 187
162 2 187
3 2 185
45 1 92
55 2 184
289 1 91
30 1 90
133 1 90
284 1 90
114 1 89
190 1 89
167 1 87
8 2 172
13 1 85
144 1 85
211 1 85
17 1 84
205 1 84
216 2 168
104 2 167
138 1 83
175 1 82
260 2 162
91 2 161
9 1 80
184 2 159
57 1 79
268 1 79
275 2 158
117 2 157
95 2 156
148 1 78
236 1 78
103 2 153
86 1 75
128 1 75
242 1 75
62 2 148
99 2 148
200 1 74
47 2 147
169 2 146
7 2 144
34 2 144
6 1 71
19 1 70
177 2 136
263 2 136
155 3 199
42 3 198
240 2 132
281 3 197
74 3 195
219 1 65
32 2 129
152 2 129
61 3 193
179 3 193
232 1 64
24 3 190
254 3 188
90 3 187
160 3 187
41 2 123
52 2 122
187 3 182
189 2 121
203 1 60
137 3 177
280 1 59
131 2 117
243 3 174
180 3 173
220 3 173
298 3 173
168 2 115
217 2 115
271 2 115
261 3 172
143 1 57
31 3 170
81 2 113
93 3 169
16 1 56
257 1 56
276 2 112
112 2 111
147 3 163
196 3 163
75 2 108
151 2 108
170 3 162
241 3 162
159 2 107
227 1 53
191 3 158
78 3 157
115 2 103
176 3 154
25 1 51
296 2 102
58 2 101
92 2 101
224 3 151
292 3 150
295 3 150
64 3 149
136 3 147
149 2 98
113 3 146
235 2 97
108 3 145
11 3 144
87 2 96
20 2 95
198 2 95
270 2 95
244 3 140
43 2 92
65 1 44
Peso Total: 299 Valor Total: 22962
