229 1 198
19 1 197
341 1 197
343 1 197
354 1 197
446 1 197
269 1 196
468 1 196
137 1 195
76 1 194
142 1 194
313 1 193
53 1 191
310 1 189
424 1 188
84 1 186
452 1 184
138 1 182
152 1 181
489 1 180
132 1 179
218 1 178
472 1 178
482 1 177
101 1 176
305 1 174
127 1 171
48 1 169
382 1 169
131 1 168
203 1 168
419 1 168
199 1 164
287 1 162
430 1 162
299 1 161
326 1 161
94 1 157
237 1 157
459 1 157
26 1 156
473 1 156
207 1 154
57 1 150
253 1 150
33 1 149
112 1 148
192 1 148
335 1 148
458 1 147
128 1 145
23 1 143
180 1 142
357 1 137
59 1 135
187 1 135
321 1 135
281 1 134
63 1 132
342 1 130
364 1 129
384 1 128
457 1 127
211 1 123
478 1 123
248 1 122
122 1 120
95 1 118
176 1 118
254 1 118
272 1 118
432 1 117
126 1 115
179 1 115
193 1 110
259 1 110
234 1 109
182 1 108
116 1 106
463 1 106
124 1 104
358 1 103
363 1 103
61 1 101
236 1 101
242 1 101
149 1 100
375 1 100
209 2 198
451 2 198
470 1 99
369 2 197
499 2 195
443 2 194
50 2 193
139 2 193
250 2 192
320 1 96
438 2 192
75 2 190
86 1 94
140 1 94
339 2 188
188 2 187
74 2 186
32 1 92
332 2 184
314 2 183
317 2 182
388 1 91
21 1 90
108 1 90
350 1 89
497 2 178
213 1 88
251 1 88
37 2 174
165 1 87
177 2 174
134 2 172
157 1 86
13 1 85
163 1 85
355 2 169
302 2 168
315 2 168
380 2 168
461 2 168
125 1 83
425 1 83
428 2 166
217 2 165
146 1 82
220 2 163
274 2 163
69 1 81
379 2 162
24 2 161
130 2 159
201 2 159
386 2 157
194 1 78
252 2 155
370 2 153
49 1 76
66 1 76
164 1 75
360 2 150
79 2 147
410 2 147
121 2 146
434 2 146
436 1 73
356 2 145
184 1 72
277 1 72
440 2 144
210 1 71
258 1 71
471 2 141
3 2 138
219 2 138
1 1 68
185 1 68
246 1 68
291 2 136
376 1 68
71 2 135
421 2 134
500 2 134
255 3 200
87 3 199
311 3 199
206 1 66
195 3 197
273 2 131
88 3 196
12 1 65
264 2 129
72 2 128
96 2 128
103 3 192
178 1 64
397 2 128
295 3 189
319 2 126
365 2 125
280 3 187
374 2 124
415 1 62
494 3 186
7 2 123
297 2 123
327 2 123
81 3 184
202 3 184
222 3 184
145 2 122
353 1 61
447 3 183
172 3 181
309 3 181
325 3 181
401 3 180
22 3 177
442 1 59
487 2 118
41 3 174
123 3 174
170 1 58
289 3 174
395 1 58
214 3 173
267 3 173
39 2 115
159 2 115
77 3 172
276 3 172
45 3 171
292 1 57
312 1 57
344 3 171
460 3 171
141 3 170
38 2 113
42 2 113
240 2 113
352 2 113
422 3 169
35 1 56
98 1 56
301 1 56
466 3 168
120 3 167
205 3 167
493 2 110
114 2 109
477 2 109
480 2 109
55 1 54
417 3 162
498 2 108
282 3 161
402 3 161
223 2 106
392 2 106
372 3 158
409 3 155
318 2 103
144 2 102
233 3 153
467 2 102
316 2 101
106 1 50
109 1 50
439 3 150
337 3 149
435 3 149
488 3 149
216 3 148
347 3 148
5 2 98
208 3 147
154 3 146
300 3 145
190 2 96
191 3 143
323 3 143
330 3 143
298 2 95
495 2 95
496 2 95
93 3 142
279 3 142
412 3 142
286 3 141
405 3 141
383 3 140
239 2 93
15 3 139
10 3 138
62 1 46
215 2 92
492 3 137
173 3 136
423 3 136
70 2 90
Peso Total: 499 Valor Total: 39563
