4 1 200
10 1 189
345 1 189
296 1 188
32 1 185
150 1 184
102 1 180
108 1 176
163 1 175
311 1 172
408 1 172
58 1 169
265 1 168
298 1 165
476 1 162
415 1 160
118 1 158
438 1 158
354 1 157
273 1 156
385 1 156
391 1 152
469 1 152
185 1 145
170 1 143
392 1 143
382 1 140
417 1 140
484 1 140
191 1 127
418 1 122
266 1 119
53 1 117
113 1 113
81 1 112
216 1 112
264 1 111
291 1 103
404 1 102
435 1 101
220 2 193
424 1 96
62 2 183
2 2 176
487 2 169
160 2 166
112 2 165
148 1 82
145 2 162
372 2 160
272 2 159
130 1 79
143 1 79
421 1 78
370 2 154
88 2 153
214 2 152
446 1 76
171 2 149
15 1 71
219 2 142
336 1 70
414 1 70
358 2 138
479 1 69
129 2 137
329 2 137
115 1 68
199 1 68
262 2 136
401 1 68
168 1 67
428 3 196
250 3 195
325 3 194
27 3 193
378 2 128
140 3 190
154 3 187
384 3 187
3 1 62
288 3 183
23 3 182
152 2 121
310 2 121
122 3 181
40 3 180
339 3 175
430 3 174
268 1 57
465 1 57
231 3 170
324 2 113
39 2 112
209 1 55
90 3 160
236 3 160
381 3 160
393 3 157
328 2 104
431 3 155
478 2 103
93 2 102
135 3 153
454 2 101
165 4 198
37 3 148
238 3 148
436 4 197
337 1 49
217 4 195
24 2 97
473 2 97
125 4 193
22 1 48
87 3 143
142 3 143
98 2 95
376 4 190
340 3 142
360 4 189
237 1 47
351 3 140
257 3 139
373 3 139
18 4 184
248 4 184
349 4 184
486 4 184
493 3 138
290 3 137
375 2 91
380 3 136
132 3 135
223 4 178
491 2 89
167 2 87
16 3 129
178 2 86
321 3 128
36 4 168
353 2 84
208 2 82
410 2 82
447 4 164
463 3 123
176 3 122
472 3 122
76 4 162
70 4 161
212 4 161
55 2 80
422 2 80
56 4 159
8 3 119
161 3 119
443 3 119
275 5 198
357 5 197
48 3 118
442 4 157
198 3 117
241 4 156
371 2 78
445 1 39
128 4 155
29 3 116
425 2 77
489 5 191
104 1 38
252 5 188
267 5 188
96 2 75
276 3 111
80 4 146
155 5 182
240 5 181
427 5 179
359 4 142
97 4 140
126 3 104
492 5 173
383 2 69
179 3 103
134 5 170
200 3 102
318 3 101
326 3 101
243 2 67
312 4 134
499 6 200
181 2 66
441 1 33
307 5 162
6 6 194
500 5 161
141 2 64
186 6 191
51 6 190
60 2 63
83 4 126
101 3 94
322 3 94
251 4 123
Peso Total: 499 Valor Total: 27621
