472 2 191
325 2 188
415 2 188
143 2 185
159 2 183
145 2 182
264 2 182
90 2 181
163 2 178
358 2 168
69 2 163
211 2 153
77 2 151
59 2 146
483 2 138
481 2 129
124 2 128
359 2 128
216 3 189
280 3 184
206 3 180
193 3 179
247 3 177
112 3 171
150 3 167
321 2 111
63 3 160
80 3 160
466 3 160
48 2 105
406 3 153
157 3 151
104 2 100
212 3 147
22 4 195
327 4 195
409 3 145
332 4 193
299 4 191
50 3 141
10 3 140
219 2 93
182 3 139
194 4 184
3 2 90
47 3 133
227 3 133
31 4 174
89 3 128
338 4 170
248 3 127
87 2 82
267 5 200
347 2 79
348 3 118
375 3 118
447 4 157
84 5 196
281 5 195
184 3 113
489 3 110
434 5 183
292 2 72
309 3 107
13 4 142
204 4 142
346 5 177
382 3 102
462 2 66
470 2 66
479 6 197
315 6 196
228 3 96
353 5 159
399 4 126
1 6 188
142 5 155
279 5 155
467 5 155
115 5 153
217 5 153
424 4 121
408 2 60
97 4 119
465 5 147
44 5 145
76 5 144
480 4 115
137 6 172
445 6 172
224 6 171
331 6 171
273 3 85
312 5 141
253 7 197
283 6 167
116 5 139
173 2 55
41 2 54
223 4 108
491 7 189
291 6 158
252 7 184
403 5 130
384 5 129
127 3 74
39 6 147
146 8 196
380 8 195
164 6 146
186 7 170
426 7 170
154 4 97
161 4 97
107 5 121
492 2 48
486 5 119
412 4 95
262 5 118
257 7 164
295 8 187
235 7 163
397 2 46
33 4 91
429 5 112
205 6 134
322 3 67
62 9 197
Peso Total: 499 Valor Total: 18412
