100
100
2 67
3 61
3 135
1 152
2 22
1 69
2 128
1 133
1 96
2 129
1 79
2 111
3 188
3 95
2 79
2 194
1 103
3 129
2 122
3 81
2 171
3 80
2 80
2 30
1 182
1 157
3 24
2 200
1 30
3 180
1 25
3 18
2 109
2 69
3 104
3 38
3 118
2 178
1 30
1 196
1 149
1 70
3 82
3 132
1 23
2 61
1 151
3 44
1 16
3 158
1 117
1 71
2 69
2 39
2 157
2 89
1 32
2 152
3 112
1 49
3 193
2 183
2 85
2 181
2 107
2 118
2 77
1 64
1 134
2 125
3 41
3 95
3 193
1 56
3 189
2 55
2 170
1 129
2 45
3 176
1 190
1 30
2 137
3 66
1 81
3 92
3 112
1 94
1 83
3 121
1 136
2 127
3 131
3 149
1 137
2 47
3 73
3 10
3 38
1 180
