100
100
9 78
10 23
6 127
9 151
9 51
9 97
6 189
10 20
8 109
6 153
6 11
10 120
9 167
5 168
7 158
9 60
10 35
6 170
7 86
8 21
6 171
8 49
5 48
10 45
7 188
7 146
9 191
8 11
9 16
9 17
9 194
5 102
6 144
10 84
10 70
9 113
9 167
8 14
10 22
10 138
5 191
9 101
9 168
10 149
7 81
7 137
10 98
6 55
10 192
7 126
6 71
7 94
5 123
6 17
10 149
8 106
5 97
10 185
6 44
7 105
8 129
6 50
5 87
10 18
7 142
8 76
7 87
9 85
8 42
8 98
9 174
10 41
9 91
8 20
5 69
10 129
10 169
10 186
9 164
7 87
9 94
8 26
5 97
7 179
7 127
6 159
10 37
6 162
8 11
10 111
9 52
8 15
10 131
10 69
7 27
9 51
8 64
10 85
10 52
7 101
