100
100
5 112
4 156
6 172
3 26
4 80
5 30
3 77
5 97
4 82
6 182
6 12
4 69
3 57
6 159
3 106
5 33
5 141
4 156
6 121
3 63
3 180
3 44
1 180
4 132
3 106
1 127
6 31
6 114
3 106
6 132
3 152
1 173
3 132
4 111
6 155
6 85
6 76
6 93
2 33
2 167
6 125
6 97
3 152
3 98
3 155
2 128
2 176
6 97
2 77
1 200
6 187
3 127
4 178
4 177
3 124
4 43
3 132
1 190
3 50
6 52
6 69
2 170
4 186
6 168
5 168
2 24
3 121
5 177
5 59
5 22
1 80
6 85
6 52
5 41
5 174
6 17
6 177
5 51
1 67
6 28
3 41
4 43
3 149
2 183
6 80
1 44
1 51
3 11
2 72
6 110
2 171
5 10
4 121
5 199
6 81
6 120
3 136
3 57
5 57
4 159
