200
200
2 186
2 54
5 156
6 166
6 58
3 159
5 53
2 184
6 45
2 47
6 150
2 143
3 86
2 193
4 69
5 134
5 145
5 99
2 90
4 62
3 79
6 170
4 71
6 84
5 100
5 48
6 200
6 19
3 127
6 170
3 37
3 68
6 56
5 29
6 102
6 45
5 21
3 21
4 79
2 191
2 188
2 86
5 13
4 15
6 150
4 60
2 56
3 72
2 140
2 120
2 71
3 41
6 158
3 90
2 196
6 195
5 129
5 16
5 75
4 24
3 44
3 129
2 161
4 197
2 72
4 148
5 83
2 151
3 141
4 46
3 98
4 10
5 57
3 123
2 28
5 91
4 189
4 189
3 184
3 189
5 110
5 133
2 97
5 108
3 184
3 94
4 111
2 43
2 107
4 156
2 57
6 76
3 42
3 86
3 44
4 24
4 109
4 192
4 192
5 76
4 53
3 67
3 15
2 99
4 165
5 154
2 104
6 16
6 130
3 63
5 177
6 161
3 110
5 14
6 109
5 96
3 133
6 84
6 74
5 138
6 150
3 181
4 185
4 69
6 87
4 50
2 53
6 100
5 200
5 181
5 18
3 110
5 167
6 100
4 69
6 82
3 131
3 32
5 166
4 154
3 106
6 94
2 131
4 22
4 25
2 49
3 22
6 162
6 83
4 33
2 24
4 61
6 184
6 122
2 40
2 190
3 144
5 179
6 17
5 140
2 31
5 15
3 186
6 48
6 192
4 17
4 16
4 26
4 21
4 196
3 105
2 31
5 50
3 123
3 122
5 51
4 26
6 193
5 75
5 42
5 92
3 13
4 37
3 198
3 162
3 17
3 122
6 74
3 176
5 156
3 130
3 168
3 198
4 192
3 33
2 46
5 88
4 147
4 113
6 199
