200
200
9 156
9 62
4 146
5 182
8 107
7 30
4 147
11 179
4 104
4 86
6 56
6 107
8 121
11 31
10 19
7 45
10 189
11 185
11 145
11 111
9 124
12 200
10 11
9 85
5 165
9 174
5 181
9 12
12 64
9 106
9 28
5 53
10 197
9 172
5 143
9 100
4 193
7 198
5 119
12 24
11 170
11 42
7 94
9 166
12 57
8 99
7 112
12 11
10 93
6 63
11 109
11 14
12 138
4 185
10 137
10 20
12 161
11 35
12 128
11 29
6 104
8 160
11 113
4 150
6 122
6 107
11 127
4 50
9 50
4 139
12 106
11 60
12 142
7 179
12 152
6 56
9 105
8 94
4 123
9 160
6 17
11 145
10 56
6 91
12 14
5 96
10 22
5 114
10 20
4 186
12 72
12 74
11 165
6 22
12 199
12 59
12 84
9 46
8 165
5 149
4 16
9 42
12 50
6 119
8 102
10 99
7 61
10 84
10 99
9 162
12 80
4 145
6 29
7 54
8 37
6 185
9 60
7 28
10 162
8 197
8 177
11 107
7 10
5 115
12 141
10 52
6 17
10 63
8 25
5 92
9 38
11 23
7 111
5 177
6 112
8 163
6 81
5 142
4 57
4 157
6 136
8 158
10 59
8 62
7 151
7 151
5 132
6 160
9 94
6 103
9 35
7 191
4 187
5 30
5 123
4 84
10 71
12 79
5 193
11 30
7 183
5 99
5 129
11 196
12 43
6 17
9 109
6 102
7 48
9 50
8 190
4 84
8 40
6 102
11 127
5 49
5 150
4 95
4 40
11 116
10 179
12 149
6 174
9 198
7 41
4 119
8 111
11 111
6 40
5 199
6 42
10 98
6 64
9 13
5 167
8 139
6 184
4 53
11 180
7 29
