200
200
2 89
2 43
2 198
3 121
2 164
3 44
3 40
2 129
3 170
3 164
3 140
2 21
2 152
1 11
1 28
3 163
2 108
2 150
2 196
1 42
3 76
1 61
1 74
3 127
3 65
2 143
3 127
3 33
3 186
3 16
3 79
3 128
2 175
3 41
1 172
1 154
3 56
3 179
2 63
2 101
1 127
2 39
2 180
2 36
3 93
2 39
1 61
3 179
3 193
1 16
1 121
3 62
3 75
1 18
1 92
2 121
1 182
3 138
1 180
3 173
3 102
2 179
3 66
2 139
2 192
1 156
1 20
2 145
2 98
3 71
2 54
2 68
3 184
2 192
1 169
3 88
3 187
1 173
3 185
1 112
2 127
3 177
2 116
3 188
1 19
1 54
2 44
3 134
1 179
3 162
3 100
1 182
1 38
3 117
2 96
3 154
1 114
1 200
2 191
1 49
2 26
1 29
3 176
1 116
1 72
1 80
3 78
3 57
3 101
2 59
2 156
3 29
3 137
1 185
3 162
2 41
1 36
1 178
3 115
1 199
1 68
3 29
3 30
2 158
1 100
3 142
2 158
1 192
1 137
1 46
1 154
3 22
3 155
3 71
1 170
1 20
1 96
1 58
1 119
2 135
3 50
1 123
3 121
2 124
2 44
1 94
2 110
2 19
1 128
2 172
3 89
3 200
2 181
2 98
2 78
2 64
2 114
2 29
1 137
3 24
1 128
1 42
3 77
2 176
2 115
1 187
2 100
1 42
2 39
1 185
1 11
3 26
3 78
2 68
2 56
1 144
2 64
1 144
1 115
3 99
2 64
2 69
2 115
2 85
1 96
1 153
1 145
3 200
3 23
2 122
1 14
2 141
3 104
3 153
2 79
2 68
1 149
1 83
2 155
1 44
