300
300
1 32
3 115
2 185
1 160
2 12
1 71
2 144
2 172
1 80
3 61
3 144
2 18
1 85
2 28
3 12
1 56
1 84
1 33
1 70
2 95
1 22
3 30
2 40
3 190
1 51
2 22
3 103
3 130
1 38
1 90
3 170
2 129
3 116
2 144
3 110
3 21
3 110
3 39
1 153
2 57
2 123
3 198
2 92
3 110
1 92
1 130
2 147
1 128
2 27
3 24
2 68
2 122
3 40
3 48
2 184
3 81
1 79
2 101
3 135
1 180
3 193
2 148
2 90
3 149
1 44
2 34
3 14
2 92
2 187
3 126
1 31
2 189
3 14
3 195
2 108
1 115
3 73
3 157
2 44
1 110
2 113
1 23
1 153
3 28
2 88
1 75
2 96
3 93
1 154
3 187
2 161
2 101
3 169
2 84
2 156
2 188
1 144
1 14
2 148
3 123
1 10
3 51
2 153
2 167
3 21
1 103
2 199
3 145
3 108
1 99
3 31
2 111
3 146
1 89
2 103
3 76
2 157
2 79
3 16
1 41
2 190
3 23
2 55
1 136
1 133
1 31
2 85
1 75
1 173
3 106
2 117
1 18
1 90
2 26
1 164
3 147
3 177
1 83
1 143
1 166
3 56
2 188
1 57
1 85
3 101
1 24
3 163
1 78
2 98
3 48
2 108
2 129
1 188
3 72
3 199
2 89
1 160
3 92
2 107
3 187
2 19
2 187
3 100
3 80
1 23
2 28
1 87
2 115
2 146
3 162
3 68
1 95
3 108
3 68
1 82
3 154
2 136
2 82
3 193
3 173
3 53
2 86
3 105
2 159
2 192
2 11
3 182
1 150
2 121
1 89
3 158
1 122
3 112
1 129
2 55
3 163
1 176
2 95
1 16
1 74
1 198
3 47
1 60
3 132
1 84
1 176
3 102
1 191
1 175
1 28
1 85
1 151
3 135
2 80
3 109
2 168
2 115
1 141
1 65
3 173
2 55
1 129
2 193
3 151
3 116
2 61
1 53
2 43
1 121
2 32
3 124
1 64
1 195
2 60
2 97
1 78
3 135
2 40
2 20
2 132
3 162
1 75
3 174
3 140
3 90
2 66
3 66
2 192
1 42
2 38
1 23
3 79
2 16
3 188
1 155
1 31
1 56
2 58
1 121
2 162
3 172
1 44
2 136
3 95
3 42
3 110
1 199
1 79
1 178
2 95
2 115
1 16
3 47
1 98
2 158
2 112
2 88
2 67
2 55
1 59
3 197
3 82
1 44
1 90
3 103
1 31
1 101
2 44
1 91
3 71
3 111
3 150
1 148
3 19
3 150
2 102
2 196
3 173
1 101
2 20
