300
300
3 167
4 40
4 57
3 189
5 37
2 71
5 46
3 141
7 193
1 99
6 117
4 174
3 86
2 96
2 15
1 84
5 21
3 107
3 18
4 93
7 171
2 32
2 36
2 89
2 19
7 121
6 199
1 71
4 80
4 180
2 125
4 154
3 26
2 183
4 137
2 174
2 114
4 31
1 16
4 182
2 191
2 69
1 137
4 111
5 13
3 119
5 171
6 191
6 44
7 17
4 132
4 128
1 155
7 109
4 10
1 160
6 96
4 192
7 57
3 20
2 121
4 64
6 183
6 128
1 154
2 83
1 28
7 94
4 137
1 43
4 162
3 197
1 98
4 48
6 153
6 40
2 91
1 135
3 50
4 90
7 48
4 76
2 54
7 76
6 111
5 177
3 56
1 168
3 139
4 102
4 162
6 81
7 82
5 68
4 32
7 65
2 162
4 50
2 144
1 161
1 192
7 149
1 58
1 136
2 53
1 97
4 160
1 16
7 115
2 75
7 145
5 10
6 52
7 125
4 156
3 80
1 170
5 136
7 114
4 62
5 100
7 146
4 112
3 45
4 48
3 175
2 16
5 105
3 155
3 154
7 18
4 64
6 64
4 64
7 56
4 45
5 41
4 140
6 51
2 24
7 196
3 35
4 195
3 70
4 22
6 127
4 103
1 92
4 145
4 71
5 15
5 190
6 143
7 84
6 24
1 176
4 175
1 82
6 28
3 135
6 157
7 127
7 162
4 18
5 64
6 46
3 96
2 188
2 100
2 39
4 82
1 64
7 184
1 154
1 113
2 65
1 45
3 153
3 152
7 25
3 85
2 99
7 164
5 163
1 115
2 188
2 13
3 100
7 10
6 81
1 109
3 25
4 63
5 111
4 177
1 143
2 81
5 28
3 130
4 68
6 163
4 142
6 127
7 35
7 135
4 110
2 18
3 60
7 193
2 47
1 76
7 128
6 165
6 118
2 170
5 29
3 36
6 43
6 178
6 37
3 72
4 10
5 178
3 182
4 67
1 100
1 196
1 138
7 184
2 197
6 122
6 84
7 144
6 51
4 13
6 39
6 176
4 55
6 21
3 127
2 79
3 11
6 16
1 73
6 189
2 122
7 43
1 147
4 133
2 102
6 106
3 188
5 50
6 181
1 62
1 108
7 11
6 78
7 74
1 45
2 26
5 163
4 60
6 115
4 164
7 113
6 14
7 154
1 138
7 20
1 99
1 147
4 189
2 116
7 72
5 135
3 166
5 82
4 10
6 42
5 157
7 54
7 19
6 94
1 151
7 120
1 188
6 63
3 190
6 88
5 147
4 86
6 97
3 99
6 81
5 12
4 70
1 188
6 55
5 17
