300
300
13 186
3 36
10 51
3 46
9 147
10 112
6 70
7 192
11 137
10 104
8 155
10 39
2 120
10 135
9 184
13 95
12 180
8 176
13 162
14 30
7 112
4 155
7 20
15 178
6 32
8 125
3 62
9 166
14 173
3 181
2 48
7 116
1 174
6 21
7 78
15 180
10 85
12 99
8 36
11 92
11 146
15 158
13 139
4 44
11 28
9 154
15 38
3 158
10 70
15 12
15 21
10 108
10 168
14 146
12 135
13 162
2 63
6 48
1 49
7 140
2 11
1 70
2 47
3 48
2 192
12 154
6 63
8 54
3 170
2 22
14 33
6 130
13 152
8 191
15 68
5 134
9 148
15 159
15 109
10 132
3 110
5 49
9 191
6 37
6 168
13 145
12 37
15 166
9 139
1 168
10 13
4 31
12 125
10 66
12 11
1 120
2 194
15 155
10 99
11 49
12 192
8 67
9 23
8 22
2 199
8 115
2 30
10 169
8 197
4 193
7 117
10 172
15 142
14 103
3 151
10 106
10 164
12 97
2 154
9 35
9 187
12 192
10 118
3 67
10 115
2 37
1 16
5 187
10 126
15 167
5 95
1 200
1 102
15 25
13 152
4 39
1 37
3 189
2 150
15 180
10 169
4 11
8 62
15 45
10 55
2 66
4 102
13 51
13 177
6 40
15 77
7 117
13 63
15 11
4 41
14 144
1 138
2 148
4 142
6 92
13 19
11 123
9 11
3 17
15 167
8 181
15 24
1 191
10 179
1 191
9 95
5 62
11 194
8 144
6 34
4 200
3 18
2 138
5 87
9 135
14 121
8 184
12 119
5 166
9 146
6 185
8 101
2 77
6 52
11 111
14 141
6 85
13 196
7 193
10 108
8 198
14 188
14 51
11 186
5 113
12 173
4 17
7 94
13 20
5 39
7 170
13 73
9 147
2 55
15 160
10 15
7 60
4 94
8 64
10 13
15 48
8 71
9 54
6 142
3 187
7 91
13 17
14 192
12 106
10 81
8 119
4 99
11 52
3 95
7 28
7 40
2 25
6 28
10 55
11 177
13 116
1 161
1 123
12 69
2 138
12 30
1 17
12 192
8 91
6 20
5 56
2 78
6 61
2 152
7 153
7 151
10 92
3 199
3 103
9 161
1 184
4 66
15 46
6 126
5 177
14 92
2 85
8 87
15 162
14 58
2 121
2 160
4 184
11 77
4 102
13 87
9 143
2 166
9 51
3 184
3 72
13 164
5 14
9 155
8 48
2 16
5 47
8 21
2 194
8 196
7 82
6 24
8 47
5 144
7 197
10 185
11 141
14 194
15 173
14 142
12 165
2 190
7 128
13 99
3 57
