400
400
1 89
3 40
2 139
1 28
3 181
2 147
1 97
1 121
2 83
3 65
2 151
1 196
1 95
1 34
1 38
3 185
3 107
3 68
2 157
1 109
3 113
3 100
1 89
2 118
3 178
2 158
1 36
2 67
3 146
2 46
2 120
2 75
1 182
3 88
3 19
3 180
1 200
3 188
1 111
2 26
3 87
1 30
2 117
2 122
3 107
3 194
1 168
1 28
3 25
1 162
2 112
1 102
2 77
2 114
3 194
1 70
2 143
3 70
1 104
3 75
3 183
1 97
1 127
1 120
2 34
3 91
2 196
1 13
1 198
1 21
2 105
1 41
3 47
1 30
3 36
1 33
1 71
2 191
2 114
3 111
3 48
3 50
2 198
3 154
2 134
3 63
3 75
1 14
1 63
3 180
2 45
3 131
3 66
2 199
1 153
2 142
3 17
2 91
1 175
2 167
1 99
1 156
2 164
1 109
3 110
2 71
3 153
2 188
1 82
1 49
1 138
2 91
3 166
2 23
3 74
3 149
1 38
3 26
3 36
1 69
3 92
3 190
1 40
3 78
2 44
1 86
1 167
2 95
1 114
2 160
3 132
1 69
3 152
3 33
3 49
2 149
1 186
1 35
3 100
3 154
3 196
1 175
1 98
2 156
3 105
3 40
2 95
1 146
3 103
1 68
1 114
2 151
2 61
2 169
3 59
3 41
1 136
2 134
1 63
1 89
3 49
1 194
2 110
1 185
1 184
2 13
3 45
1 169
1 14
3 27
3 56
1 96
3 60
2 44
1 198
3 168
1 62
3 174
1 63
3 194
3 67
3 43
2 129
2 180
2 136
2 158
3 176
3 43
2 33
2 60
3 66
3 170
1 147
3 34
1 69
3 77
2 170
2 183
2 160
3 24
1 94
2 163
1 44
3 32
2 24
1 98
3 125
2 76
3 161
2 100
3 40
1 198
2 11
2 75
3 124
2 125
3 183
1 91
2 191
3 108
3 20
3 102
3 99
3 159
3 12
3 27
3 154
1 40
2 139
3 140
3 19
1 15
1 49
2 66
2 35
1 46
2 162
1 158
1 130
2 98
3 129
3 112
1 40
2 193
2 168
3 118
2 87
1 30
3 72
3 44
1 22
2 74
3 80
3 124
2 184
1 146
1 63
3 48
2 87
1 62
2 139
1 98
3 193
2 82
1 81
3 23
1 24
1 120
3 79
2 127
2 27
3 16
3 79
2 46
3 22
3 37
2 142
1 177
1 134
2 38
1 56
3 191
1 151
3 23
1 35
1 144
2 23
2 44
2 12
2 23
1 156
2 82
1 152
1 76
1 14
1 142
2 78
3 174
1 130
2 77
1 72
1 173
1 18
3 158
1 51
1 100
2 55
1 188
3 88
3 42
2 185
3 185
3 16
3 44
1 65
2 22
1 182
2 102
2 16
2 143
3 199
2 69
2 75
3 33
1 75
3 121
1 99
2 19
1 63
2 94
1 127
1 21
1 95
1 76
3 45
3 161
3 74
2 58
1 174
1 122
3 151
2 107
3 131
1 107
3 13
1 57
3 77
3 73
3 112
1 200
2 168
1 90
3 141
2 32
2 67
1 103
1 103
2 149
1 185
1 12
1 161
1 97
1 79
2 134
1 122
2 142
3 113
2 199
1 153
3 83
2 189
3 49
1 106
3 13
1 108
2 131
3 125
1 93
3 69
3 22
1 36
1 15
1 88
2 173
1 137
3 77
3 163
3 52
3 82
3 75
1 88
1 179
3 39
3 65
2 194
2 156
1 159
2 74
3 163
2 85
