400
400
4 139
1 36
1 53
3 116
3 81
2 125
2 70
5 136
7 147
6 27
4 164
4 26
3 158
5 198
2 173
2 147
6 88
7 52
3 146
2 127
3 128
3 173
5 17
6 14
7 151
1 121
3 166
4 200
1 62
2 161
4 122
3 105
7 95
1 190
1 39
4 46
2 167
3 146
6 76
5 68
4 41
6 162
4 70
7 56
7 55
4 92
5 39
5 150
3 43
2 85
3 83
4 30
5 137
3 111
3 144
5 57
2 135
1 85
3 79
3 111
4 22
3 15
6 196
3 187
6 52
1 66
7 175
3 72
4 78
2 122
4 165
6 96
4 14
1 178
2 144
1 20
5 126
1 181
2 125
5 18
6 127
5 171
1 121
4 149
2 116
3 19
6 92
1 11
3 77
1 59
5 74
3 61
6 128
4 116
7 177
4 66
5 126
5 81
4 86
6 152
7 112
3 88
3 41
3 169
2 41
3 160
4 106
1 28
2 71
1 55
4 72
4 140
1 21
3 120
7 14
5 14
6 169
7 135
6 98
5 20
3 67
7 154
2 80
1 55
2 78
2 142
7 69
3 61
6 118
5 190
1 132
5 27
1 129
6 119
2 127
4 162
2 126
5 114
6 96
7 190
7 126
4 77
5 117
5 120
7 35
7 115
7 128
1 67
5 182
2 171
7 18
3 104
1 135
5 120
4 96
4 39
7 200
4 49
6 179
4 51
1 144
3 107
2 100
1 86
4 120
2 73
6 160
1 176
3 175
6 101
7 34
7 183
3 11
6 106
4 177
4 77
5 120
4 93
5 82
7 83
5 52
6 90
1 10
7 73
6 90
6 153
3 102
2 54
4 133
6 14
6 59
7 79
1 54
4 146
6 136
6 120
7 34
6 52
6 96
7 191
6 31
6 58
7 146
1 30
1 111
5 22
3 134
5 117
6 93
7 83
1 194
3 16
4 146
4 161
7 111
6 192
5 73
5 42
3 158
6 104
1 185
5 63
6 187
2 195
5 170
2 167
7 107
6 171
3 94
7 186
5 176
3 143
7 154
1 52
4 133
4 138
3 10
2 128
1 56
7 186
6 78
2 157
5 190
3 164
2 44
7 50
3 120
3 100
2 181
5 197
4 66
2 162
7 95
7 88
7 196
5 75
1 122
2 63
1 59
2 116
3 157
4 192
2 14
7 177
6 47
3 93
1 55
3 42
7 126
1 191
1 188
7 135
4 23
6 78
5 147
6 15
3 74
1 47
2 174
1 61
4 194
5 31
2 150
4 200
4 27
5 164
4 81
2 22
5 148
5 123
3 60
4 79
5 197
4 155
2 49
4 24
7 125
2 43
1 181
7 124
4 66
6 36
3 99
2 126
2 112
3 174
6 192
6 134
7 137
3 193
7 162
1 189
2 19
2 29
6 132
2 87
4 192
3 152
6 70
5 121
7 170
1 115
4 200
1 72
1 177
3 194
5 163
5 106
1 50
7 21
7 87
2 108
5 41
7 61
2 67
7 91
2 199
6 64
6 103
7 133
1 191
3 188
4 121
4 32
3 191
1 113
2 101
6 144
7 176
5 148
2 53
1 172
2 198
1 166
5 45
5 65
1 32
6 57
6 71
4 147
4 122
4 182
6 32
6 87
5 57
1 56
7 25
4 126
4 52
3 141
2 87
6 56
4 132
5 31
1 40
6 56
1 183
3 158
4 145
7 40
2 136
1 141
6 174
4 11
2 36
5 110
6 17
4 35
4 21
3 179
3 106
7 144
3 31
3 146
1 173
5 190
6 125
1 187
6 119
5 197
