400
400
14 55
12 114
6 32
7 189
10 53
5 31
9 112
14 18
9 56
3 86
14 79
1 177
13 21
4 24
10 99
3 118
13 93
5 10
14 43
2 13
1 96
11 152
1 168
13 35
10 166
14 67
14 27
4 144
12 50
7 57
7 97
13 125
8 74
5 21
1 120
10 119
15 190
6 72
9 80
15 161
13 63
4 134
12 152
6 74
4 64
8 130
2 152
4 118
8 160
1 100
1 53
3 183
3 172
8 118
15 179
12 176
15 153
14 176
15 112
7 105
14 160
15 88
10 116
8 130
8 138
12 156
9 151
7 35
5 166
11 53
5 105
5 197
10 148
12 85
3 188
15 68
3 129
6 74
8 196
4 83
9 194
13 17
14 65
13 199
13 102
4 188
10 23
15 26
15 49
5 200
1 39
6 197
5 143
8 27
13 46
10 178
3 28
10 158
14 63
13 117
13 117
4 18
14 59
15 62
3 180
3 77
8 51
11 22
14 152
2 122
11 173
1 179
2 74
11 30
15 79
14 189
8 166
11 197
12 167
7 121
14 130
3 25
8 161
12 91
15 96
7 96
10 15
5 17
15 150
12 58
14 150
7 192
4 181
6 171
4 141
9 74
2 62
5 60
1 132
14 126
9 191
5 179
12 162
12 54
12 197
15 180
11 165
3 122
11 88
11 169
12 157
3 195
13 55
11 96
10 95
9 86
8 77
14 90
14 108
10 176
12 164
9 41
5 116
14 27
4 41
14 66
14 27
12 198
7 107
15 154
2 143
12 198
15 137
10 41
4 33
7 43
10 175
4 99
3 128
2 122
7 43
15 90
11 36
5 155
7 149
9 112
2 106
5 59
8 184
10 86
7 16
13 67
1 42
9 93
9 12
4 126
2 50
13 178
7 57
3 73
6 26
3 141
9 89
1 64
10 142
3 138
14 116
3 71
12 128
10 91
4 21
8 157
8 47
4 83
5 63
3 175
2 91
11 190
12 112
15 28
12 105
10 48
3 61
9 151
14 59
13 135
6 169
3 141
2 143
2 154
6 177
10 116
9 155
3 160
1 196
11 161
3 49
5 62
10 131
2 79
9 85
10 97
10 78
1 70
9 149
14 27
5 81
4 142
4 85
9 155
1 172
8 69
7 47
9 155
7 130
15 77
6 64
4 51
6 177
6 50
2 113
1 111
10 79
3 137
4 175
9 136
6 139
8 198
3 180
12 163
7 191
2 174
5 73
12 105
10 123
13 159
4 140
1 160
12 92
11 135
9 52
13 105
4 24
8 65
1 55
8 175
1 161
6 56
9 111
8 177
15 188
6 148
7 55
13 172
6 34
1 20
6 124
8 59
13 137
6 132
2 71
12 18
14 135
6 172
1 177
7 123
4 81
9 200
8 184
4 147
5 179
6 123
12 28
9 143
7 162
7 147
3 17
11 144
15 76
10 89
6 101
2 199
11 35
9 174
9 76
2 25
10 38
5 89
3 183
4 123
15 28
9 174
6 121
11 66
3 173
3 94
14 51
6 58
2 21
9 163
3 177
14 67
5 127
9 61
14 14
8 14
12 33
14 197
4 14
2 175
3 164
15 11
4 130
7 33
15 37
4 12
15 42
1 28
7 131
13 134
7 36
10 78
8 93
1 50
8 51
5 59
1 21
5 126
8 25
3 111
1 96
4 18
7 75
9 161
12 114
4 182
14 93
15 180
5 78
8 57
14 163
11 195
8 105
12 86
10 28
4 84
4 98
9 54
14 112
5 112
4 93
5 75
10 32
7 193
5 83
10 132
14 91
2 140
11 187
6 51
