500
500
6 188
10 80
2 90
10 187
10 147
12 86
13 189
13 189
11 142
3 140
12 42
7 92
4 142
12 186
9 98
6 81
7 112
14 161
11 148
13 86
5 78
4 195
11 197
12 22
12 30
11 182
12 76
8 30
11 29
2 34
4 174
8 76
4 91
3 31
9 87
10 59
13 129
9 77
6 147
6 67
2 54
6 117
3 63
5 145
14 36
8 25
3 133
2 105
12 89
3 141
13 173
11 109
12 10
11 96
14 67
3 19
7 83
11 11
2 146
8 11
10 46
9 197
3 160
9 96
10 198
13 141
7 99
8 81
2 163
6 27
8 34
12 103
14 139
11 165
12 100
5 144
2 151
13 187
14 46
3 160
5 42
5 36
10 61
5 196
13 48
8 13
2 82
2 14
3 128
2 181
11 58
2 28
12 43
8 111
14 71
6 96
4 119
10 25
10 179
6 38
11 134
11 87
10 107
2 100
3 60
13 84
5 121
6 103
4 39
7 30
5 106
3 171
13 18
8 82
5 153
5 139
10 167
9 41
7 85
13 85
6 107
13 194
14 111
2 128
14 175
13 102
3 74
13 114
12 40
12 155
12 112
7 84
14 68
13 116
11 45
8 22
6 172
8 141
7 130
3 19
13 120
5 155
2 185
14 19
2 182
8 196
11 26
13 72
14 181
3 167
5 31
13 44
12 100
4 97
12 51
10 81
3 151
11 17
2 183
11 33
4 97
3 25
2 178
6 146
13 129
10 172
10 66
14 57
13 200
6 103
10 48
13 123
2 55
6 79
7 63
13 65
12 185
4 72
5 109
6 94
7 23
3 139
9 186
3 113
10 40
7 170
10 167
12 30
14 199
2 38
14 182
4 22
3 179
4 184
12 76
8 158
12 63
13 108
10 24
10 151
11 25
4 26
11 165
4 142
6 134
3 180
10 118
12 76
13 125
7 86
2 153
3 147
6 54
12 10
13 27
3 189
5 153
12 22
2 93
7 100
13 174
14 101
4 108
6 171
14 38
7 33
3 133
3 96
8 22
8 13
14 21
6 33
7 149
13 64
7 163
7 127
12 78
10 21
14 95
6 130
12 24
13 75
10 170
5 52
13 144
10 190
3 177
3 127
3 56
8 129
14 167
7 184
7 197
7 64
13 21
13 47
7 164
12 197
10 135
2 39
10 62
5 118
8 66
2 182
13 120
11 127
5 200
3 34
8 98
8 129
9 192
10 168
3 85
5 25
4 55
9 82
9 128
8 135
5 155
3 184
5 195
12 39
6 167
9 64
9 80
14 147
6 34
10 175
8 129
11 187
6 158
2 72
7 47
9 185
8 187
14 53
8 46
3 36
4 191
9 120
6 55
13 101
9 26
14 121
5 43
10 44
13 142
11 86
3 107
11 192
12 104
5 141
7 128
10 132
6 196
7 73
12 137
11 104
7 48
8 83
2 111
3 67
12 92
8 14
2 188
9 71
4 195
14 112
12 48
9 19
6 171
4 193
4 60
12 197
13 102
4 70
4 56
4 170
13 181
9 93
10 175
13 156
12 199
5 20
12 196
5 177
2 79
3 118
13 187
12 85
13 115
9 164
5 159
8 115
12 188
8 42
10 198
2 168
2 128
13 45
8 81
14 76
3 65
13 45
14 104
6 102
8 151
13 27
8 124
10 188
10 60
9 177
5 27
2 37
3 118
7 85
8 93
7 44
8 143
8 195
14 111
3 102
5 16
5 129
14 47
10 73
13 200
5 92
13 36
8 15
14 14
12 60
6 10
11 136
3 32
6 112
2 46
8 41
4 126
6 15
14 156
9 196
5 130
3 27
10 33
3 153
7 121
2 60
3 145
9 142
9 52
4 95
6 117
13 66
2 188
6 51
11 39
4 61
14 108
12 59
7 29
10 35
3 33
4 121
13 168
7 170
2 11
14 122
5 112
11 74
9 91
6 94
14 180
5 183
11 111
2 11
9 110
9 194
8 34
14 44
13 66
9 16
12 188
10 138
6 172
7 65
4 157
6 56
9 167
10 130
11 106
4 13
7 79
7 85
7 75
9 87
10 88
7 121
5 60
7 97
8 144
2 66
7 48
7 77
5 147
3 160
5 155
11 45
10 147
2 66
3 44
2 191
9 158
13 107
8 28
6 69
8 171
10 22
6 197
4 115
2 129
4 27
2 138
12 117
11 190
5 119
4 53
9 77
3 110
7 122
7 189
2 48
11 178
7 55
13 145
10 35
6 48
11 54
11 117
11 192
