500
500
5 45
2 176
1 62
1 200
6 186
6 194
6 55
3 119
4 34
1 189
7 178
5 156
5 148
1 15
1 71
3 129
3 69
4 184
1 28
7 149
5 36
1 48
3 182
2 97
6 139
7 171
3 193
6 90
3 116
6 96
5 126
1 185
7 28
5 69
1 12
4 168
3 148
3 28
2 112
3 180
7 155
5 121
7 115
4 19
7 154
4 94
7 99
3 118
3 79
4 74
6 190
6 31
1 117
6 16
2 80
4 159
5 64
1 169
4 82
2 63
6 100
2 183
6 158
7 137
5 26
5 39
7 102
7 193
6 75
4 161
7 40
1 13
6 73
2 10
4 60
4 162
4 57
6 93
3 12
4 146
1 112
7 68
4 126
5 93
7 133
6 90
3 143
2 153
3 42
3 160
5 76
5 143
2 102
5 43
4 17
2 75
4 140
2 95
7 89
2 33
3 94
1 180
3 42
1 38
7 95
6 80
7 185
1 176
6 81
7 90
4 107
2 165
1 113
6 18
1 68
6 129
5 106
1 158
2 21
7 129
4 17
3 181
2 14
7 71
4 193
3 104
6 148
4 155
2 137
1 79
3 41
3 135
3 66
5 170
3 153
4 32
4 117
7 192
6 167
3 190
2 64
3 143
1 79
4 46
2 162
6 42
5 122
1 82
7 41
1 184
3 72
2 121
4 38
3 187
5 182
7 18
7 69
5 71
5 68
2 166
3 119
2 59
1 175
6 157
4 198
4 15
2 87
1 67
6 108
1 143
2 149
6 20
7 156
6 103
5 50
3 122
7 196
2 86
3 103
3 40
2 66
3 31
5 68
6 12
1 145
6 191
1 12
4 50
4 21
5 129
1 127
5 122
4 51
6 185
3 15
5 29
7 68
3 117
1 68
3 102
2 23
6 124
7 145
7 94
4 94
2 48
5 152
2 82
1 55
2 45
2 61
4 161
6 94
2 152
3 21
1 112
4 195
7 17
2 142
2 193
5 98
3 21
4 178
5 64
6 64
6 145
3 47
4 23
7 114
7 112
3 170
2 43
5 110
7 50
5 132
3 160
1 47
3 148
3 58
5 181
4 156
5 110
2 67
7 100
2 12
7 182
7 129
4 184
7 28
3 195
4 123
5 188
5 23
6 177
2 22
5 141
3 139
7 10
3 58
5 43
6 75
2 136
3 73
1 111
1 168
1 119
5 188
1 57
7 43
7 65
4 123
2 159
1 156
3 20
5 198
3 111
3 82
6 166
7 26
5 87
5 105
6 95
4 75
7 85
7 77
3 74
5 149
3 183
6 152
3 137
1 103
7 143
7 35
4 110
7 171
1 188
5 45
1 165
2 34
7 55
5 130
3 56
7 147
5 41
7 42
7 183
5 162
3 10
3 69
2 121
1 172
4 134
7 103
6 33
7 118
2 26
4 51
3 101
3 64
6 68
3 128
3 94
6 90
2 113
3 194
3 101
6 166
2 104
2 137
7 155
4 89
5 14
5 103
4 63
7 73
1 70
1 49
6 82
3 175
3 142
4 60
4 52
7 184
7 180
1 189
6 164
5 115
4 122
4 184
4 56
3 140
6 73
2 84
1 157
4 64
1 10
5 197
2 138
4 142
4 189
5 128
7 45
3 35
7 121
7 189
5 12
4 28
4 94
5 18
2 154
2 78
2 160
3 139
6 39
2 91
4 190
7 12
2 128
4 35
3 136
3 160
1 140
2 69
3 187
1 156
5 59
6 39
7 137
6 42
6 168
1 152
1 143
3 157
7 24
7 88
7 102
7 63
1 12
2 32
5 100
1 68
5 154
2 41
1 102
7 70
2 54
5 20
1 172
7 140
2 82
7 158
7 35
5 107
1 70
1 160
7 101
1 140
1 122
5 111
6 112
1 78
2 80
7 147
1 96
2 77
3 26
5 179
3 196
5 22
3 174
3 155
2 44
4 26
7 136
1 101
4 197
4 39
1 158
2 51
6 168
1 33
4 157
3 119
4 36
1 39
1 76
4 164
4 59
3 11
6 95
5 86
7 82
3 91
2 101
7 30
2 38
4 63
5 79
6 81
6 25
7 37
1 16
3 123
7 66
1 57
4 88
6 24
7 163
1 152
7 31
7 83
3 122
2 97
7 11
7 38
1 162
7 172
2 103
1 69
7 63
4 57
5 43
7 110
1 140
3 92
4 184
2 169
3 83
5 191
2 37
2 89
5 173
3 138
4 80
4 69
3 21
7 137
6 75
6 200
5 161
