500
500
1 68
2 29
2 138
2 67
2 98
3 20
2 123
1 37
1 39
3 138
3 118
1 65
1 85
1 19
3 139
3 17
2 33
2 34
1 197
3 53
1 90
3 177
1 143
2 161
3 13
1 156
2 35
2 38
3 18
1 25
3 84
1 92
1 149
2 75
1 56
2 79
2 174
2 113
2 115
2 17
3 174
2 113
3 78
3 117
3 171
3 129
3 115
1 169
1 76
2 193
3 44
2 79
1 191
2 65
1 54
3 48
1 150
2 81
1 135
3 125
1 101
1 46
1 132
2 23
1 37
1 76
1 34
3 60
1 81
2 90
2 135
2 128
2 19
2 186
2 190
1 194
3 172
3 131
2 147
3 97
3 184
1 12
1 40
1 186
1 43
1 94
3 199
3 196
3 10
2 51
2 36
3 37
3 142
1 157
1 118
2 128
2 70
1 56
3 54
2 20
1 176
3 78
3 192
3 39
3 70
1 50
3 70
1 90
1 50
1 39
3 45
1 148
3 112
2 109
1 19
1 106
2 37
3 92
1 15
3 167
2 146
1 120
3 174
1 104
1 83
1 115
1 171
1 145
2 37
2 159
1 168
1 179
3 103
2 172
2 29
3 14
1 195
1 182
2 193
1 94
3 170
1 194
3 133
2 102
2 122
1 82
2 55
2 65
1 100
3 92
3 34
1 181
3 113
3 146
2 46
3 67
1 86
2 74
2 115
3 101
3 54
3 120
1 85
1 75
1 87
1 45
3 58
3 57
3 118
1 58
3 15
3 181
3 136
3 56
3 124
1 118
2 174
1 64
1 115
1 142
3 35
1 108
1 11
1 72
1 68
1 31
1 135
2 187
2 49
2 96
3 143
1 148
1 110
1 78
3 197
2 39
3 32
3 112
1 164
2 68
2 159
3 184
1 168
2 81
3 167
1 66
1 154
3 147
2 198
1 71
1 123
3 63
1 88
3 173
2 92
3 148
2 165
1 178
2 138
2 163
3 77
3 184
2 106
3 102
2 41
2 60
1 35
2 33
1 198
1 39
2 41
2 63
3 153
1 109
2 30
1 101
1 157
3 121
2 93
2 113
3 132
1 101
3 56
1 35
3 83
1 68
3 43
1 122
1 28
2 192
1 88
2 155
1 150
1 118
3 200
2 57
3 14
1 71
1 110
3 40
3 34
3 67
1 32
2 129
2 77
3 109
3 173
3 132
1 196
2 42
3 109
1 118
2 131
2 163
1 34
3 172
1 72
2 59
3 142
3 187
1 134
3 161
1 35
3 38
2 29
3 141
1 162
3 86
3 174
3 135
2 136
1 57
1 35
3 39
3 189
3 41
2 123
2 95
1 161
3 145
1 56
2 168
3 109
2 61
1 174
2 15
2 68
3 68
3 181
1 189
3 199
1 57
1 193
2 183
2 168
2 101
2 182
2 103
2 126
1 96
1 135
3 86
3 143
2 11
3 181
1 161
2 123
2 49
2 53
3 143
3 83
2 184
2 43
1 27
1 148
2 59
3 149
3 129
2 188
3 24
1 197
1 130
1 197
3 171
3 133
3 53
3 148
3 80
3 74
1 89
1 36
2 113
1 61
1 197
2 169
2 145
1 137
1 103
1 19
2 150
3 39
3 51
1 103
1 129
2 125
3 115
3 113
2 14
2 197
2 153
1 31
3 158
2 24
2 124
1 100
1 68
3 37
3 54
2 162
2 168
2 34
1 169
3 140
1 128
3 51
2 157
3 63
1 91
2 53
3 36
3 115
2 106
2 25
2 65
1 58
1 18
2 128
2 24
2 90
1 22
3 180
3 161
3 108
3 86
3 141
3 79
2 45
2 70
3 155
2 147
1 33
3 142
1 26
1 31
1 62
3 62
3 162
2 34
1 168
2 72
2 134
3 169
3 136
1 188
1 83
2 29
3 32
2 166
3 17
1 162
2 75
1 117
2 31
2 146
3 149
1 73
1 16
2 192
3 150
2 144
1 26
1 59
2 194
3 105
3 128
1 197
3 183
3 28
3 70
3 110
2 198
1 184
3 126
3 134
3 24
2 68
1 127
1 147
1 157
3 171
2 168
3 37
1 106
2 64
3 14
3 168
2 102
1 196
2 65
1 99
2 141
1 178
1 156
3 93
3 112
3 28
2 109
1 123
2 72
2 109
1 20
1 177
3 57
3 61
3 51
2 36
2 118
3 149
1 180
3 21
3 117
3 137
2 110
3 186
2 95
2 95
2 178
2 108
2 195
2 134
